Stand_1: 0 0 4 0 0
Stand_1: 0 0 4 0 0
Stand_1: 0 0 3 0 0
Stand_1: 0 0 3 0 0
Stand_1: 0 0 3 0 0
Stand_1: 0 0 2 0 0
Stand_1: 0 0 2 0 0
Stand_1: 0 0 2 0 0
Stand_1: 0 0 2 0 0
Stand_1: 0 0 1 0 0
Stand_1: 0 0 1 0 0
Stand_1: 0 0 1 0 0
Stand_1: 0 0 1 0 0
Stand_1: 0 0 1 0 0
Stand_2: 3 0 4 1 0
Stand_2: 8 0 4 1 0
Stand_2: 4 2 3 1 0
Stand_2: 0 2 3 1 0
Stand_2: 8 3 3 1 0
Stand_2: 0 0 2 1 0
Stand_2: 0 4 2 1 0
Stand_2: 7 5 2 1 0
Stand_2: 3 4 2 1 0
Stand_2: 0 6 1 1 0
Stand_2: 10 5 1 1 0
Stand_2: 2 6 1 1 0
Stand_2: 0 8 1 1 0
Stand_2: 4 6 1 1 0
1 1 0 1 1 1 1 0 1 1 1 
0 0 0 0 0 0 0 0 0 0 0 
1 1 1 0 1 1 1 0 0 0 0 
0 0 0 0 0 0 0 0 1 1 1 
1 1 0 1 1 0 0 0 0 0 0 
0 0 0 0 0 0 0 1 1 0 1 
1 0 1 0 1 0 0 0 0 0 0 
0 0 0 0 0 0 0 0 0 0 0 
1 0 0 0 0 0 0 0 0 0 0 
0 0 0 0 0 0 0 0 0 0 0 
0 0 0 0 0 0 0 0 0 0 0 
